
<?xml version="1.0" encoding="UTF-8" standalone="no"?>
<!-- Created with Inkscape (http://www.inkscape.org/) -->

<svg
   xmlns:dc="http://purl.org/dc/elements/1.1/"
   xmlns:cc="http://creativecommons.org/ns#"
   xmlns:rdf="http://www.w3.org/1999/02/22-rdf-syntax-ns#"
   xmlns:svg="http://www.w3.org/2000/svg"
   xmlns="http://www.w3.org/2000/svg"
   xmlns:sodipodi="http://sodipodi.sourceforge.net/DTD/sodipodi-0.dtd"
   xmlns:inkscape="http://www.inkscape.org/namespaces/inkscape"
   id="svg2"
   version="1.1"
   inkscape:version="0.48.4 r9939"
   width="746.1145"
   height="694.23694"
   sodipodi:docname="guitarra.png">
  <metadata
     id="metadata8">
    <rdf:RDF>
      <cc:Work
         rdf:about="">
        <dc:format>image/svg+xml</dc:format>
        <dc:type
           rdf:resource="http://purl.org/dc/dcmitype/StillImage" />
        <dc:title></dc:title>
      </cc:Work>
    </rdf:RDF>
  </metadata>
  <defs
     id="defs6" />
  <sodipodi:namedview
     pagecolor="#ffffff"
     bordercolor="#666666"
     borderopacity="1"
     objecttolerance="10"
     gridtolerance="10"
     guidetolerance="10"
     inkscape:pageopacity="0"
     inkscape:pageshadow="2"
     inkscape:window-width="1680"
     inkscape:window-height="1001"
     id="namedview4"
     showgrid="false"
     inkscape:zoom="0.94110577"
     inkscape:cx="799.67252"
     inkscape:cy="326.63871"
     inkscape:window-x="0"
     inkscape:window-y="0"
     inkscape:window-maximized="1"
     inkscape:current-layer="svg2"
     fit-margin-top="0"
     fit-margin-left="0"
     fit-margin-right="0"
     fit-margin-bottom="0" />
  <path
     style="fill:#000000"
     d="m 195.82578,693.67557 c -1.925,-0.47615 -7.775,-1.08401 -13,-1.35078 -11.32463,-0.57822 -26.2067,-3.16751 -34.5,-6.00256 -14.11335,-4.82464 -32.46204,-15.36858 -42.76262,-24.57324 -2.88056,-2.57409 -7.937384,-6.91288 -11.237384,-9.64176 -7.67936,-6.35031 -28.88823,-27.85927 -41.33769,-41.92258 -5.31427,-6.00317 -13.71231,-15.22835 -18.66231,-20.5004 -7.86658,-8.37838 -10.0328,-11.54577 -17.20098,-25.15087 C 8.8583063,548.84371 4.8197263,537.69636 2.9189763,525.3223 0.41032629,508.99074 -0.42998371,498.2036 0.20110629,490.43294 c 0.74273,-9.14534 7.16041001,-34.01448 11.82766971,-45.83343 8.3432,-21.12753 31.81279,-45.50514 57.08661,-59.29523 13.39156,-7.30681 17.80277,-8.96005 38.138824,-14.29373 58.32977,-15.29859 71.79762,-19.99533 88.7351,-30.94521 16.13448,-10.43075 26.23716,-25.05029 31.21588,-45.17235 1.37977,-5.57652 3.65886,-12.4089 5.06464,-15.18306 1.40577,-2.77416 2.55595,-5.65678 2.55595,-6.40581 0,-2.15969 11.34342,-17.7394 16.66215,-22.88477 6.01092,-5.81501 16.94076,-11.73769 29.25728,-15.85399 8.42936,-2.81717 11.00455,-3.20028 24.5,-3.64485 13.78836,-0.45422 15.89458,-0.28337 24.58056,1.99389 8.68498,2.277 18.64339,6.28688 25,10.06656 1.375,0.81758 5.875,3.04735 10,4.95504 9.4972,4.39216 21.61422,12.87696 29.99022,21.00028 3.58038,3.47236 8.14841,7.53323 10.15117,9.02416 l 3.64139,2.71077 3.66848,-4.28585 c 5.74085,-6.70697 32.567,-31.84565 50.83201,-47.63445 9.12941,-7.89173 20.96085,-19.14173 26.29209,-25 11.91981,-13.09815 31.38707,-31.40399 41.42465,-38.95322 4.125,-3.10241 9.525,-7.48332 12,-9.73537 2.475,-2.25206 9.45,-8.11161 15.5,-13.02125 19.68422,-15.97392 54.90962,-48.489675 56.15667,-51.836905 0.74961,-2.01206 0.96105,-6.70273 0.60079,-13.32878 -0.51289,-9.43368 -0.40904,-10.27037 1.34333,-10.82215 1.04457,-0.32892 2.39439,-0.90306 2.99962,-1.27587 22.81879,-14.056326 44.82592,-37.362997 52.36821,-55.4606102 1.19588,-2.869484 3.45532,-6.23346 5.02098,-7.475503 2.78313,-2.20785503 3.08844,-2.23267203 13.67853,-1.11190703 13.92996,1.47422703 50.07957,2.59984403 51.83221,1.61393703 0.76872,-0.432424 1.97478,-0.125788 2.8167,0.716131 1.29649,1.296482 1.29599,1.984087 -0.004,5.75623 -4.00914,11.6317572 -5.76094,44.9300522 -2.70278,51.3746422 0.88555,1.86616 1.38178,3.95917 1.10273,4.65113 -0.27905,0.69195 -4.94109,3.23902 -10.3601,5.66014 -9.75971,4.36049 -20.46179,11.87423 -35.18988,24.70617 -10.61247,9.246175 -14.93708,14.703405 -15.70386,19.816715 -0.37203,2.48085 -1.18999,4.92636 -1.8177,5.43447 -2.29213,1.85541 -13.14701,3.32941 -24.25664,3.29383 -9.26512,-0.0297 -11.38481,0.23195 -11.38481,1.40516 0,0.79288 -0.62436,1.44161 -1.38746,1.44161 -0.7631,0 -7.57823,6.4125 -15.14473,14.25 -7.5665,7.8375 -14.54557,14.7 -15.50904,15.25 -0.96347,0.55 -5.28584,4.87687 -9.60527,9.61528 -4.31942,4.7384 -11.6785,11.91446 -16.3535,15.9468 -4.675,4.03234 -14.8,13.20903 -22.5,20.39266 -7.7,7.18363 -18.04782,16.65757 -22.99517,21.0532 -4.94734,4.39563 -12.37234,11.39574 -16.5,15.5558 -15.5823,15.7046 -52.45849,50.96406 -65.82205,62.93626 -3.37655,3.025 -6.14899,5.96692 -6.16098,6.53759 -0.012,0.57068 -2.24178,3.22419 -4.95509,5.89669 l -4.93327,4.8591 5.82158,7.64755 c 7.20349,9.46287 15.94736,22.86574 19.4096,29.7516 6.53056,12.98826 10.38018,33.75967 8.72605,47.08322 -1.82973,14.738 -13.77438,34.0376 -27.29124,44.09591 -10.59526,7.88425 -14.77423,9.94839 -25.52784,12.60912 -15.77756,3.90378 -27.4667,9.85565 -39.20646,19.96314 -10.6051,9.13058 -23.93375,25.30955 -29.70395,36.05608 -4.24463,7.9053 -12.36511,31.96907 -15.86046,47 -7.57345,32.56789 -14.77188,54.55351 -22.74539,69.46953 -5.49633,10.28196 -11.67063,17.06006 -31.74235,34.84649 -14.18384,12.56891 -29.13693,19.52214 -52.00463,24.18228 -11.02434,2.24662 -31.64526,3.40434 -37.00835,2.07776 z m 33.29325,-8.57989 c 14.58078,-2.81413 31.41014,-8.37419 39.24492,-12.96567 5.39303,-3.16053 23.38256,-18.82799 28.72023,-25.01305 4.59445,-5.32384 10.14946,-14.98135 13.23967,-23.01745 1.26899,-3.3 5.02008,-11.69733 8.33577,-18.66073 5.65581,-11.87801 6.85292,-15.60221 13.28806,-41.33927 1.10014,-4.4 3.30575,-12.275 4.90133,-17.5 1.59559,-5.225 3.89359,-12.82178 5.10667,-16.88173 1.48976,-4.98595 4.77073,-11.47704 10.10915,-20 10.52063,-16.79652 13.99807,-21.15369 26.59797,-33.32676 9.68668,-9.35855 11.50586,-10.65859 19.66845,-14.05573 4.94699,-2.05886 13.71952,-5.14324 19.49452,-6.85419 5.775,-1.71095 12.58246,-4.16393 15.1277,-5.45107 9.3174,-4.71188 24.87231,-18.62038 24.87231,-22.23973 0,-0.61623 0.86177,-1.58163 1.91505,-2.14533 2.31516,-1.23903 5.31903,-9.95198 8.06929,-23.40554 2.99214,-14.63675 2.69703,-19.781 -1.93525,-33.73521 -4.27279,-12.8713 -6.67312,-16.9778 -15.82999,-27.08203 -3.27695,-3.61598 -9.4158,-11.14031 -13.6419,-16.72073 l -7.68381,-10.14621 -12.66716,11.77213 c -6.96694,6.47467 -18.93739,17.90431 -26.60099,25.39919 l -13.93383,13.62706 1.15295,5.87294 c 1.69768,8.64775 1.83954,30.02236 0.23144,34.87294 -1.64295,4.95568 -6.23385,11.57702 -11.84901,17.08954 -9.39316,9.22145 -33.51348,17.04279 -50.0033,16.21424 -5.85322,-0.2941 -10.23192,-1.11391 -13.30796,-2.4916 l -4.58447,-2.05327 -8.91553,6.43123 c -4.90355,3.53718 -12.29054,9.22617 -16.41554,12.64221 -4.125,3.41603 -9.525,7.76202 -12,9.65774 -2.475,1.89572 -9.09309,7.23514 -14.70689,11.86538 l -10.2069,8.41863 3.9569,5.52574 c 2.1763,3.03916 3.9569,5.94419 3.9569,6.45562 0,0.51143 -2.26849,-1.10969 -5.04109,-3.6025 -3.3239,-2.98847 -6.13139,-4.63807 -8.24181,-4.84267 -2.26962,-0.22002 -3.3096,-0.8921 -3.575,-2.31029 -0.20585,-1.1 -3.59095,-5.375 -7.52244,-9.5 -7.49147,-7.86021 -15.42273,-17.55028 -22.32108,-27.27092 l -4.0954,-5.77093 -2.85159,2.37236 c -4.03917,3.36035 -7.27773,4.91181 -8.92973,4.27788 -2.58989,-0.99383 -1.47709,-3.51713 2.57044,-5.82853 2.19576,-1.25392 3.99576,-2.8158 4,-3.47084 0.0303,-4.69023 8.08714,-1.47703 16.18708,6.45569 l 6.67938,6.54149 7.32062,-6.43567 c 4.02634,-3.53962 9.57018,-8.22101 12.31965,-10.4031 2.74947,-2.18209 12.80089,-10.65679 22.3365,-18.83268 15.09458,-12.9422 17.23857,-15.14141 16.57313,-17 -0.42038,-1.17411 -0.93635,-7.18572 -1.14661,-13.35913 l -0.38228,-11.22438 3.8956,-8.27562 c 4.22488,-8.97513 13.98328,-22.60052 19.91864,-27.81183 10.91111,-9.58008 30.42218,-11.94401 48.9985,-5.93658 5.05588,1.63504 9.69061,2.97279 10.29939,2.97279 0.60878,0 6.77652,-4.6125 13.7061,-10.25 14.26328,-11.60376 14.74277,-11.98338 29.80199,-23.59446 6.05,-4.66472 11.35317,-8.78368 11.78483,-9.15325 2.67697,-2.29194 -19.77778,-23.18748 -32.12413,-29.89348 -5.77019,-3.13412 -10.51788,-6.17442 -18.29769,-11.71736 -6.98198,-4.97451 -21.54281,-10.22025 -31.56903,-11.37319 -4.83669,-0.55618 -11.49398,-1.46021 -14.79398,-2.00896 -9.74692,-1.62078 -13.74254,-1.20434 -24.65322,2.56944 -11.21597,3.87937 -17.99745,7.37059 -20.07306,10.33394 -0.72517,1.03532 -4.86669,5.64101 -9.20338,10.23486 -4.33668,4.59385 -8.68435,9.70246 -9.66149,11.35246 -2.63192,4.44429 -7.67588,18.83702 -9.93584,28.35154 -6.6291,27.90872 -28.17617,48.59219 -63.23701,60.7025 -3.7202,1.28499 -13.8452,3.97109 -22.5,5.96912 -18.23064,4.20868 -31.23352,7.74015 -36.30338,9.85968 -1.96206,0.82027 -7.42474,2.44099 -12.13928,3.60159 -9.329044,2.29659 -29.143844,11.74124 -39.293334,18.72902 -8.30977,5.72117 -20.96788,17.09062 -27.32541,24.54357 -10.48943,12.29678 -16.5879,25.3625 -22.85627,48.96861 -2.4859197,9.36178 -2.7250697,11.82876 -2.6923897,27.77437 0.0294,14.3235 0.4177,19.05252 2.1394597,26.05313 3.08036,12.52464 6.39713,20.65778 13.33843,32.70756 11.29735,19.61168 23.86977,34.79404 54.04767,65.26756 15.28811,15.43787 20.34721,19.85789 30.331624,26.5 6.59071,4.38446 15.32206,10.36403 19.40301,13.28794 7.46119,5.34576 9.36925,6.20469 34.11388,15.35672 12.41339,4.5912 14.50612,5.05959 26,5.81924 15.03409,0.99364 31.48108,0.39779 41.29325,-1.49598 z m 7.54077,-34.18741 c 7.3455,-14.60169 10.66092,-29.24656 8.12882,-35.9065 -0.72777,-1.91418 -0.71535,-3.04975 0.0416,-3.80674 1.5677,-1.5677 2.66825,0.64728 4.5928,9.24347 1.78854,7.98872 1.10876,14.76353 -2.17589,21.68544 -1.90258,4.00938 -8.77095,12.0571 -11.56758,13.55381 -1.68624,0.90245 -1.55718,0.27446 0.98021,-4.76948 z m -18.54782,-5.55876 c 3.0075,-2.8875 5.68684,-5.925 5.95409,-6.75 0.26724,-0.825 0.87425,-1.13576 1.34889,-0.69058 1.3689,1.28392 -2.75811,7.90642 -6.48706,10.40962 -6.00722,4.03258 -6.44589,2.43629 -0.81592,-2.96904 z m 42.14796,3.63645 c 0.41407,-1.03755 1.63998,-6.16145 2.72423,-11.38645 2.55948,-12.33414 2.2404,-38.59196 -0.56347,-46.3697 -2.0566,-5.70488 -0.74687,-8.77162 1.70626,-3.9952 4.05295,7.89139 6.96904,20.00465 7.4503,30.94809 0.57179,13.00197 -0.88138,19.48471 -6.0484,26.98256 -3.44727,5.00232 -6.67443,7.34246 -5.26892,3.8207 z m -63.84785,-3.34494 c 0.59747,-0.61277 2.84747,-1.38139 5,-1.70805 5.25787,-0.79792 3.31517,1.17901 -2.08631,2.12306 -2.93235,0.51251 -3.71005,0.40174 -2.91369,-0.41501 z m -50.54501,-4.9835 c -2.99785,-4.2101 -5.19465,-9.8452 -4.10147,-10.52083 1.09281,-0.67539 1.64871,0.14218 5.24433,7.71282 2.9182,6.14434 2.30524,7.65041 -1.14286,2.80801 z m -14.98555,-5.63116 c -5.28123,-8.32763 -13.86844,-32.86662 -12.63041,-36.0929 0.48796,-1.27159 0.87729,-1.32768 2.11066,-0.30407 0.83178,0.69032 1.32111,1.44634 1.08739,1.68006 -0.74878,0.74878 1.43495,7.40806 7.57803,23.1092 3.29649,8.42553 5.74778,15.56499 5.4473,15.86547 -0.30047,0.30048 -1.91731,-1.61551 -3.59297,-4.25776 z m -22.56007,-17.62903 c -7.997,-9.18478 -11.782884,-23.42523 -11.909664,-44.79782 -0.0727,-12.26045 0.14566,-14.5 1.41398,-14.5 1.11826,0 1.66872,1.70629 2.16299,6.7047 0.364644,3.68758 0.932884,7.14141 1.262764,7.67516 0.32988,0.53376 1.68353,6.29165 3.00812,12.7953 1.32459,6.50366 3.79929,17.1819 5.49933,23.72941 1.70005,6.54751 2.91404,12.08153 2.69775,12.29781 -0.21629,0.21629 -2.07716,-1.54077 -4.13527,-3.90456 z m 178.23949,0.20218 c -0.29707,-0.825 -1.27753,-6.225 -2.1788,-12 -0.90127,-5.775 -3.45393,-18.0186 -5.67258,-27.208 -4.12944,-17.10367 -4.50341,-21.292 -1.90112,-21.292 1.04085,0 2.60628,3.87395 5.25318,13 5.30699,18.29756 6.77894,26.18421 6.66446,35.70784 -0.10433,8.67865 -1.17889,14.53113 -2.16514,11.79216 z M 85.030806,595.9507 c -9.14869,-18.29536 -11.05306,-38.0057 -5.56262,-57.57348 1.22819,-4.37725 2.05467,-5.78386 3.25213,-5.53488 0.96322,0.20027 1.47776,1.11854 1.28623,2.29548 -0.17557,1.07893 -0.55733,7.13669 -0.84835,13.46169 -0.50645,11.00704 1.96412,36.78383 4.64577,48.47193 0.50121,2.18455 0.74062,4.14259 0.53203,4.35119 -0.2086,0.20859 -1.69593,-2.25377 -3.30519,-5.47193 z M 295.96842,573.73892 c -4.56782,-14.22039 -5.43421,-20.13741 -4.8524,-33.13941 0.52074,-11.63719 1.95505,-18 4.05758,-18 0.79178,0 1.16585,3.20612 1.1959,10.25 0.0241,5.6375 0.61188,14.525 1.30629,19.75 1.6896,12.71321 2.86938,30.05539 2.07793,30.54453 -0.3507,0.21675 -2.05409,-4.01556 -3.7853,-9.40512 z m -229.964134,2.75213 c -5.5801,-13.09216 -7.52265,-23.60868 -7.46091,-40.39154 0.0659,-17.90623 4.14294,-37.5 7.80296,-37.5 1.28902,0 1.4277,0.67126 0.77475,3.75 -1.20316,5.67306 -0.92446,42.6167 0.46151,61.17494 0.67465,9.03371 1.01667,16.6349 0.76004,16.89153 -0.25663,0.25663 -1.30888,-1.50959 -2.33835,-3.92493 z m -17.093,-14.39255 c -6.81453,-18.21344 -6.44716,-46.16758 0.95982,-73.03682 2.21886,-8.04903 9.62385,-27.49976 11.00066,-28.8955 2.01625,-2.04397 1.65906,0.43187 -1.62509,11.26439 -8.01152,26.42538 -11.66553,64.56619 -8.35483,87.20822 0.64745,4.42794 0.9414,8.28658 0.65322,8.57476 -0.28818,0.28818 -1.47338,-2.01359 -2.63378,-5.11505 z m 262.656724,-5.16606 c -0.75015,-1.15533 -1.4181,-5.62409 -2.14238,-14.33293 -0.92792,-11.15749 3.50994,-37.53837 6.88206,-40.9105 2.36198,-2.36197 2.89321,0.9082 1.11841,6.88462 -1.44933,4.8804 -2.95556,18.44422 -4.44479,40.02588 -0.36055,5.225 -0.99653,8.97482 -1.4133,8.33293 z m 13.09615,-24.82788 c -0.58145,-0.58144 -0.18861,-9.57253 0.69929,-16.00505 0.71156,-5.15499 6.24099,-17.20109 8.24948,-17.97182 3.06282,-1.17531 3.70664,1.27572 1.51827,5.78006 -1.15147,2.37008 -3.03749,7.6578 -4.19114,11.75049 -2.68445,9.52333 -5.58855,17.13367 -6.2759,16.44632 z M 33.963826,521.93273 c -1.62369,-8.08499 -1.4058,-24.11811 0.45018,-33.12538 2.13502,-10.36146 6.51756,-21.45802 13.70773,-34.70784 9.63084,-17.74742 13.94092,-24.66312 14.8218,-23.78224 0.45414,0.45414 -1.29965,5.09092 -3.89731,10.30397 -5.73968,11.51852 -15.43152,39.00683 -18.32652,51.97827 -2.46445,11.04224 -4.61268,26.23177 -4.44113,31.40195 0.17949,5.40956 -1.02997,4.32864 -2.31475,-2.06873 z M 235.13525,509.96359 c -0.8618,-2.24581 0.62186,-4.28843 5.79094,-7.97267 3.1116,-2.21778 4.76553,-2.84461 5.64959,-2.14115 2.23337,1.7771 1.33067,4.44414 -2.75288,8.13338 -4.27898,3.8658 -7.66773,4.6383 -8.68765,1.98044 z m -21.19487,-19.11408 c -10.12102,-10.13123 -18.41162,-19.51542 -23.23941,-26.30486 -7.08986,-9.97063 -8.34565,-12.94514 -5.46523,-12.94514 1.78461,0 20.9123,21.48962 31.15315,35 4.79434,6.325 10.28317,13.4125 12.1974,15.75 7.43584,9.08005 0.37405,3.53511 -14.64591,-11.5 z m -187.107594,-13.5 c 0.0135,-2.41077 4.0797,-18.30263 6.01355,-23.50275 6.30401,-16.95143 21.92099,-41.24725 26.51309,-41.24725 2.56121,0 2.60092,2.05136 0.0973,5.02673 -2.52351,2.99903 -15.6836,26.36683 -17.45671,30.99713 -0.52151,1.36188 -3.40335,7.45125 -6.40408,13.53195 -3.00073,6.08069 -5.76016,12.26819 -6.13207,13.75 -0.6789,2.70491 -2.64421,3.78366 -2.63109,1.44419 z M 373.84801,449.38469 c 0.0356,-2.05895 3.61033,-6.1887 4.33791,-5.01145 0.93137,1.50698 -0.29262,4.11976 -2.4778,5.28923 -1.39044,0.74415 -1.87654,0.67155 -1.86011,-0.27778 z m 12.02846,-3.03518 c 0.083,-3.68216 7.59777,-21.25 9.08987,-21.25 3.06116,0 -0.14092,15.68814 -4.27472,20.94342 -2.50079,3.17923 -4.8833,3.33093 -4.81515,0.30658 z m 15.25289,-7.35138 c 0.32647,-1.59424 1.8219,-9.98612 3.32318,-18.64862 2.06681,-11.92565 3.08539,-15.75 4.19489,-15.75 2.88102,0 -0.13246,24.67331 -3.93058,32.18215 -2.48121,4.90533 -4.37809,6.07729 -3.58749,2.21647 z m 17.02619,-5.49109 c 1.81028,-7.45824 3.67247,-25.68197 3.83335,-37.51397 0.16463,-12.10796 0.353,-13.39356 1.96249,-13.39356 2.21205,0 3.55341,4.33873 5.0185,16.23268 0.77523,6.29359 0.76838,10.48319 -0.0245,15 -1.23599,7.04076 -5.95557,17.42469 -9.24472,20.34007 l -2.17433,1.92725 0.62925,-2.59247 z m 18.89766,-17.90753 c -0.0483,-14.5924 -2.66263,-36.38648 -5.3061,-44.23351 -1.50827,-4.47721 -1.74543,-6.3379 -0.91237,-7.15814 2.46628,-2.42833 5.82401,6.22104 8.66965,22.33267 1.83921,10.41332 1.33425,30.53797 -0.91732,36.55898 -1.4753,3.94516 -1.49633,3.84235 -1.53386,-7.5 z m 13.28537,-27 c -2.31606,-13.85019 -6.94587,-31.3091 -10.03819,-37.85379 -4.04199,-8.5546 -4.25262,-10.14621 -1.3427,-10.14621 5.16729,0 11.29202,10.50061 13.92206,23.86881 1.28563,6.53471 0.76347,21.75379 -0.90017,26.23692 -0.80202,2.16123 -0.96174,1.95627 -1.641,-2.10573 z m -190.26935,-86.25 c -0.55079,-0.6875 -2.01065,-3.25191 -3.24413,-5.69869 -3.08704,-6.12353 -2.27178,-13.99814 2.43825,-23.55131 3.9235,-7.95787 15.66637,-21.5 18.64342,-21.5 2.75483,0 2.36739,1.75182 -1.01732,4.59987 -3.79107,3.18998 -12.58409,21.23034 -14.6572,30.07171 -0.96387,4.11067 -1.39214,8.91795 -1.07605,12.07842 0.56091,5.6084 0.4699,5.94331 -1.08697,4 z m 11.97341,-9.17336 c -1.996,-4.38076 -1.44993,-11.53399 1.33767,-17.52258 3.11935,-6.70128 21.90778,-26.05406 25.2943,-26.05406 2.93665,0 2.69928,1.21864 -0.73144,3.75508 -7.52761,5.5654 -20.65692,26.70755 -23.49553,37.83488 l -1.18812,4.65743 -1.21688,-2.67075 z m 21.00273,-9.83253 c 0.26383,-2.34074 1.78485,-6.93211 3.38005,-10.20304 4.82192,-9.88729 18.0483,-22.65761 21.92573,-21.1697 1.94919,0.74797 1.90111,3.62863 -0.0606,3.62863 -4.36032,0 -12.48028,9.47746 -19.91979,23.25 -2.59957,4.8125 -4.96919,8.75 -5.26581,8.75 -0.29663,0 -0.32346,-1.91515 -0.0596,-4.25589 z m 64.7804,2.95589 c 0,-0.715 0.54,-1.84 1.2,-2.5 0.66,-0.66 1.785,-1.2 2.5,-1.2 1.99187,0 1.54411,2.79899 -0.63426,3.96482 -2.52702,1.35242 -3.06574,1.30589 -3.06574,-0.26482 z m -45,-3.73984 c 0,-5.5585 13.27706,-21.96016 17.77664,-21.96016 2.73304,0 2.9689,2.6286 0.31154,3.47201 -2.18042,0.69204 -7.02887,6.39157 -12.57129,14.77799 -4.00543,6.06077 -5.51689,7.07724 -5.51689,3.71016 z m 22,-0.42536 c 0,-3.76464 10.46175,-12.33906 13.59026,-11.13854 2.14107,0.82161 1.68766,2.54758 -0.93079,3.54311 -1.28729,0.48943 -4.46466,2.72829 -7.06082,4.97525 -5.25577,4.54883 -5.59865,4.7093 -5.59865,2.62018 z m -87.03405,180.2217 c 4.14372,-4.46117 13.83405,-13.14952 21.53405,-19.30745 7.7,-6.15793 15.02749,-12.31058 16.28331,-13.67255 2.00573,-2.17527 2.09979,-2.62863 0.77369,-3.7292 -2.03449,-1.68847 -5.23859,0.89943 -29.53809,23.85751 -19.44457,18.37115 -24.01814,22.0844 -27.20988,22.09145 -2.80917,0.006 -3.15117,2.01064 -0.77467,4.5403 l 2.24388,2.38851 4.57682,-4.02869 c 2.51726,-2.21577 7.96715,-7.67872 12.11089,-12.13988 z m -16.80322,1.9935 c 14.58861,-14.23741 41.59842,-39.47342 45.11449,-42.1517 2.07747,-1.58246 3.55724,-3.09717 3.28839,-3.36602 -0.45685,-0.45685 -24.30757,20.15218 -40.0656,34.62004 -3.85,3.53479 -9.34902,7.99383 -12.22005,9.90898 -4.45563,2.97217 -5.07285,3.75715 -4.21482,5.3604 0.55288,1.03306 1.16008,1.8783 1.34933,1.8783 0.18925,0 3.22597,-2.8125 6.74826,-6.25 z m 7.97645,-17.39242 c 6.95154,-5.97167 17.32241,-14.78106 23.0464,-19.57642 12.1431,-10.17308 15.30928,-13.35728 14.05344,-14.13344 -0.50127,-0.3098 -3.85557,2.00523 -7.454,5.1445 -12.08079,10.5393 -26.97685,22.65811 -35.66487,29.01542 -10.68626,7.81949 -16.12071,13.0273 -15.44143,14.79747 0.70834,1.8459 5.64627,-1.66247 21.46046,-15.24753 z m -9.45425,-1.21737 c 3.4017,-2.26948 9.0267,-6.51711 12.5,-9.43916 3.47329,-2.92205 10.14007,-8.39058 14.81507,-12.15228 13.88036,-11.16871 17.04381,-14.50575 15.73617,-16.59962 -1.02435,-1.64024 -1.43695,-1.50149 -5.17464,1.74013 -11.55649,10.02273 -36.09093,30.76278 -49.74878,42.05485 -4.4212,3.65537 -5.44203,4.99762 -4.58564,6.02951 0.88032,1.06072 2.02285,0.44 5.68727,-3.08985 2.5221,-2.42948 7.36884,-6.27409 10.77055,-8.54358 z m 84.81507,-16.14021 c -0.33992,-0.55 -0.81648,-1 -1.05902,-1 -0.24254,0 -0.44098,0.45 -0.44098,1 0,0.55 0.47656,1 1.05902,1 0.58246,0 0.7809,-0.45 0.44098,-1 z m 13,0 c 0.33992,-0.55 1.54899,-1 2.68683,-1 1.83963,0 2.00068,-0.42592 1.45394,-3.84502 -0.78629,-4.91719 -3.76119,-14.16518 -4.54268,-14.12171 -1.3187,0.0734 -5.09826,3.87241 -5.1007,5.12702 -10e-4,0.73684 0.7344,4.37721 1.6352,8.08971 1.57191,6.47836 2.53359,7.90817 3.86741,5.75 z m -19.5,-2.05902 c 0,-0.58246 -0.45,-0.7809 -1,-0.44098 -0.55,0.33992 -1,0.81648 -1,1.05902 0,0.24254 0.45,0.44098 1,0.44098 0.55,0 1,-0.47656 1,-1.05902 z m 34.2564,-1.53072 c 0.32436,-0.32435 -1.3661,-4.60821 -3.75656,-9.51968 -2.39046,-4.91147 -4.54424,-9.48359 -4.78616,-10.16026 -0.24193,-0.67668 -0.7235,-0.9708 -1.07016,-0.6536 -0.59756,0.54677 4.31767,15.11372 6.43406,19.06824 1.00987,1.88697 2.11663,2.3275 3.17882,1.2653 z m -25.668,-5.1552 c -1.0924,-1.0924 -1.84148,0.64486 -1.05718,2.45181 0.74368,1.71337 0.79759,1.71181 1.21194,-0.0351 0.2385,-1.00555 0.16886,-2.09305 -0.15476,-2.41667 z m 35.92776,-2.00506 c -0.80326,-5.36691 -5.2347,-23.30188 -5.9291,-23.99627 -0.2497,-0.2497 -0.96949,-0.13541 -1.59953,0.25398 -1.95775,1.20995 1.28481,19.25068 4.61882,25.69795 2.30344,4.45436 3.72608,3.49821 2.90981,-1.95566 z m -57.71616,2.55 c 0.66,-0.66 1.2,-2.26564 1.2,-3.56809 l 0,-2.3681 -3.04144,2.1657 c -2.4281,1.72896 -2.80673,2.4485 -1.87756,3.56809 1.42356,1.71528 2.16573,1.75567 3.719,0.2024 z m 47.05627,-9.3948 c -3.59798,-11.25434 -3.38861,-10.81226 -4.72858,-9.98412 -0.6414,0.39641 -0.3487,2.51429 0.80852,5.85014 2.03456,5.86492 6.26926,14.85665 6.76387,14.36204 0.17757,-0.17758 -1.10214,-4.78021 -2.84381,-10.22806 z m -36.83621,8.07063 c 0.69572,-0.83829 0.98669,-1.80241 0.64661,-2.1425 -0.72629,-0.72629 -3.66667,1.51036 -3.66667,2.78911 0,1.37745 1.62985,1.02849 3.02006,-0.64661 z m 54.51101,-2.5261 c 0.35701,-0.57765 -0.0576,-2.53944 -0.92125,-4.35954 -0.86369,-1.8201 -2.00071,-4.38498 -2.5267,-5.69973 -1.34931,-3.3727 -1.34945,-0.23074 -2.6e-4,6.06032 1.05296,4.90978 2.12029,6.14757 3.44821,3.99895 z m -56.71072,-3.23327 c 0.63429,-0.76427 0.71466,-1.8508 0.19866,-2.6857 -0.70177,-1.13549 -1.15504,-1.16275 -2.38335,-0.14334 -0.83423,0.69234 -1.27038,1.90091 -0.96923,2.68569 0.67894,1.76929 1.7636,1.81859 3.15392,0.14335 z m 11.17965,-2.94589 c 0,-1.67814 -0.25105,-1.80711 -1.5,-0.77057 -0.825,0.68469 -1.5,1.85067 -1.5,2.59106 0,0.78575 0.62446,1.10654 1.5,0.77057 0.825,-0.31659 1.5,-1.48256 1.5,-2.59106 z m -22.96883,-0.59472 c 1.239,-1.00329 2.06904,-2.37521 1.84454,-3.04872 -0.25339,-0.76016 -1.51589,-0.0684 -3.32904,1.82416 -3.17857,3.31771 -2.14914,4.16689 1.4845,1.22456 z m 20.15271,-4.68008 c 0.62755,-1.37732 0.85378,-2.79145 0.50273,-3.1425 -1.01846,-1.01845 -3.68661,1.70945 -3.68661,3.76917 0,2.68164 1.84167,2.31915 3.18388,-0.62667 z m 55.4372,-2.37136 c -0.7679,-4.68251 -7.01729,-20.62441 -8.08499,-20.62441 -0.44996,0 -1.28346,0.73772 -1.85221,1.63937 -0.79062,1.2534 0.095,4.25161 3.7616,12.7345 4.67997,10.8274 7.37319,13.5533 6.1756,6.25054 z m -44.82108,2.67559 c 1.36515,-1.36515 1.63658,-5.8 0.35499,-5.8 -1.69323,0 -4.19048,3.74394 -3.57211,5.35538 0.74976,1.95384 1.59156,2.07018 3.21712,0.44462 z m -30.83142,-4.57305 c 0.0229,-0.92936 -0.64352,-0.83082 -2.46858,0.36501 -1.375,0.90093 -2.5,2.28231 -2.5,3.06973 0,1.14366 0.49661,1.07023 2.46858,-0.36501 1.35771,-0.98817 2.48271,-2.36955 2.5,-3.06973 z m 7.78128,1.18958 c -0.95295,-0.95296 -2.86349,0.5906 -2.1533,1.7397 0.42212,0.683 0.98146,0.66575 1.69964,-0.0524 0.58876,-0.58876 0.79291,-1.34803 0.45366,-1.68727 z m -10.43357,-7.81583 c -1.41754,-2.53301 -4.47967,0.17027 -3.66216,3.233 0.62008,2.32309 0.63188,2.32473 2.59599,0.36063 1.40165,-1.40166 1.71043,-2.44241 1.06617,-3.59363 z m 20.15,2.43655 c 1.06461,-1.17638 1.51119,-2.65355 1.11465,-3.68693 -0.58847,-1.53352 -0.94725,-1.43855 -3.24457,0.85877 -1.42062,1.42061 -2.2759,3.07973 -1.90064,3.68692 0.98254,1.58979 2.01343,1.37014 4.03056,-0.85876 z m 11.53371,-1.28214 c 0,-0.55783 -0.66326,-0.44954 -1.5,0.24489 -0.825,0.68469 -1.5,1.69489 -1.5,2.24489 0,0.55783 0.66326,0.44954 1.5,-0.24489 0.825,-0.68469 1.5,-1.69489 1.5,-2.24489 z m 10.28541,0.22831 c -0.63729,-2.43703 -1.92364,-3.3778 -2.76256,-2.0204 -0.7987,1.29233 1.31443,5.25558 2.43344,4.56399 0.47077,-0.29095 0.61888,-1.43557 0.32912,-2.54359 z m -34.28541,0.51658 c 0,-0.825 -0.45,-1.5 -1,-1.5 -0.55,0 -1,0.675 -1,1.5 0,0.825 0.45,1.5 1,1.5 0.55,0 1,-0.675 1,-1.5 z m 73.59254,-13.63955 c -0.84395,-4.47464 -1.78617,-8.38741 -2.0938,-8.69505 -0.30764,-0.30764 -1.68887,0.57018 -3.06939,1.9507 -1.68396,1.68397 -2.28641,3.09282 -1.83053,4.28082 0.50142,1.30668 0.88135,1.44417 1.44966,0.52463 0.47059,-0.76142 1.60461,1.6371 2.91539,6.16615 2.95904,10.22426 3.37266,11.00346 3.80083,7.16038 0.19927,-1.78856 -0.3282,-6.91299 -1.17216,-11.38763 z m -33.59254,7.9972 c 0,-1.97476 -0.4338,-2.87988 -1.25,-2.60812 -1.47252,0.49029 -2.15947,3.24103 -1.34164,5.37227 0.90865,2.3679 2.59164,0.57289 2.59164,-2.76415 z m -41.71051,0.14135 c -0.28751,-1.09945 -0.92027,-1.999 -1.40612,-1.999 -1.01363,0 -1.20318,3.34685 -0.24389,4.30615 1.15937,1.15937 2.18244,-0.27114 1.65001,-2.30715 z m 12.47566,-2.21603 c 0.81453,-0.98144 0.66277,-2.31872 -0.58373,-5.14399 l -1.6844,-3.81778 -2.66527,2.09651 c -2.63125,2.06974 -2.64544,2.14699 -1.11175,6.05139 1.60136,4.07667 3.1628,4.28689 6.04515,0.81387 z m 9.89902,1.64981 c 0.84385,-2.19905 -1.44637,-4.40322 -2.61329,-2.5151 -0.97814,1.58267 -0.31226,4.08232 1.08749,4.08232 0.50842,0 1.19503,-0.70525 1.5258,-1.56722 z m -32.55845,-5.28065 c -1.00929,-2.00867 -2.39454,-5.38106 -3.07833,-7.49419 -0.69343,-2.1429 -1.62341,-3.46192 -2.10283,-2.9825 -0.47942,0.47942 0.0195,3.72646 1.12814,7.34206 3.01294,9.82613 2.76507,9.37862 4.42953,7.99725 1.26983,-1.05386 1.22111,-1.68306 -0.37651,-4.86262 z m 59.42623,-1.05147 c -0.3667,-1.15536 -1.0864,-2.10066 -1.59934,-2.10066 -1.07223,0 -1.27378,4.3255 -0.24928,5.35 1.21971,1.2197 2.53389,-1.09025 1.84862,-3.24934 z m -52.19592,1.14934 c 0.24974,-0.4125 -0.82515,-3.9 -2.38865,-7.75 -1.5635,-3.85 -2.86628,-7.53321 -2.89506,-8.1849 -0.0288,-0.6517 -0.53396,-2.4517 -1.12264,-4 -0.9555,-2.51313 -1.17687,-2.6247 -2.06369,-1.04009 -1.11837,1.99838 0.89995,10.12143 4.32566,17.40931 1.94326,4.13413 3.16424,5.18461 4.14438,3.56568 z m 33.01722,-0.0125 c 0.2592,-0.4194 -0.10011,-1.8302 -0.79847,-3.1351 -1.45079,-2.71082 -2.74171,-1.53316 -1.88991,1.72411 0.57076,2.1826 1.80964,2.83282 2.68838,1.41099 z m -11.05181,-1.9875 c 0.6311,-1.12839 -2.15892,-7.25 -3.30431,-7.25 -1.33065,0 -1.26093,2.32692 0.16339,5.45295 1.15711,2.5396 2.34537,3.21945 3.14092,1.79705 z m -11.75262,-6.329 c 0.59537,-0.96332 -7.91514,-24.29203 -9.56613,-26.22235 -0.37696,-0.44074 -1.46875,0.39422 -2.42619,1.85547 -2.16468,3.30372 -1.18274,7.96584 4.12204,19.57082 3.11574,6.81614 3.80286,7.68779 5.3905,6.83811 1.00076,-0.53559 2.11667,-1.45452 2.47978,-2.04205 z m 30.45118,0.079 c 0,-2.18709 -1.80654,-3.61824 -2.98265,-2.36287 -1.10157,1.17581 0.71211,5.64811 1.97419,4.8681 0.55465,-0.3428 1.00846,-1.47015 1.00846,-2.50523 z m -12.8722,-4.6336 c -1.62681,-3.08418 -2.04835,-3.42071 -2.0836,-1.66345 -0.0637,3.17463 2.11333,7.53952 3.21228,6.44057 0.54764,-0.54764 0.0977,-2.45218 -1.12868,-4.77712 z m 36.2099,3.46 c 0.53933,-0.855 0.66645,-2.37319 0.2825,-3.37375 -0.66466,-1.7321 -0.79385,-1.72344 -2.69809,0.1808 -1.25292,1.25292 -1.75266,2.64455 -1.33785,3.72554 0.75476,1.96686 2.31662,1.74525 3.75344,-0.53259 z m -15.3377,-6.38983 c 0,-1.27519 -0.39901,-2.56514 -0.88669,-2.86654 -1.58889,-0.98199 -3.22313,2.14422 -2.54122,4.86119 0.52601,2.09578 0.93637,2.39168 2.04306,1.47321 0.76167,-0.63213 1.38485,-2.19266 1.38485,-3.46786 z m -31.39641,1.19022 c -0.95717,-2.24257 -6.57589,-20.2292 -7.61887,-24.38951 -0.9434,-3.76307 -1.29164,-4.14339 -2.971,-3.24462 -1.04628,0.55995 -2.147,1.41398 -2.44604,1.89783 -0.29904,0.48386 1.97517,6.97341 5.05381,14.42122 4.1396,10.01449 5.97069,13.39828 7.03028,12.99168 0.78802,-0.30239 1.21634,-1.05686 0.95182,-1.6766 z m 56.39641,-4.8011 c 0,-2.23698 -0.40576,-2.26116 -3.53518,-0.21068 -2.36036,1.54656 -3.21947,4.29701 -1.78901,5.72747 1.02333,1.02333 5.32419,-3.43312 5.32419,-5.51679 z m -36.98466,-0.27922 c -0.97293,-2.94799 -1.46528,-3.41794 -2.59693,-2.47876 -0.76801,0.6374 -1.18986,1.49308 -0.93743,1.90152 0.25243,0.40844 0.9392,2.00573 1.52615,3.54953 0.75849,1.99497 1.37693,2.49718 2.13797,1.73614 0.76103,-0.76103 0.72349,-2.12303 -0.12976,-4.70843 z m 25.55209,1.34443 c 0.37335,-0.6041 -0.50159,-0.32492 -1.94431,0.62038 -1.44271,0.94531 -2.62312,1.90782 -2.62312,2.13891 0,0.72338 3.85397,-1.6049 4.56743,-2.75929 z m -39.39114,-8.07702 c -3.23877,-10.07702 -5.17629,-17.45751 -5.17629,-19.71779 0,-2.23219 -0.72108,-2.55984 -2.77068,-1.25898 -0.97678,0.61995 -0.21924,3.77046 3.27511,13.62081 4.8482,13.6668 5.41294,14.95804 6.19849,14.17249 0.27646,-0.27646 -0.41052,-3.3439 -1.52663,-6.81653 z m 23.32966,0.35002 c -0.87066,-4.66157 -1.09552,-4.84531 -3.38934,-2.76943 -1.61144,1.45833 -1.73929,2.225 -0.85274,5.11363 0.90691,2.955 1.29609,3.26258 2.98465,2.35889 1.60302,-0.8579 1.82238,-1.67836 1.25743,-4.70309 z m 13.32975,3.53406 c 1.14978,-1.38539 0.48305,-5.69796 -0.8809,-5.69796 -1.748,0 -3.74947,3.06916 -3.24915,4.98241 0.60139,2.29971 2.537,2.63506 4.13005,0.71555 z m 11.72039,-3.4752 c -0.55774,-0.55775 -5.4845,3.06034 -5.52467,4.05718 -0.0173,0.42896 1.31305,-0.21407 2.95628,-1.42897 1.64324,-1.21489 2.79901,-2.39759 2.56839,-2.62821 z m -38.04526,-1.24029 c 0.34588,-0.55964 -0.37768,-5.73464 -1.60791,-11.5 l -2.23677,-10.48247 -3.76548,0 -3.76548,0 3.50432,8.75 c 1.92737,4.8125 3.96598,9.9875 4.53023,11.5 1.06613,2.85782 2.26227,3.47805 3.34109,1.73247 z m 58.70132,-7.79556 c 5.10832,-4.8472 13.78785,-12.331 19.28785,-16.63066 10.02974,-7.84082 23.5,-20.32484 23.5,-21.77943 0,-2.22863 -3.41228,0.38467 -15.84169,12.13243 -7.51207,7.10008 -16.16439,14.86258 -19.22739,17.25 -8.03188,6.26036 -18.93092,16.05827 -18.93092,17.01833 0,2.04303 2.56278,0.21659 11.21215,-7.99067 z m -24.85904,5.9754 c 1.55709,-1.72057 1.5336,-1.95486 -0.36864,-3.67637 -2.57946,-2.33437 -4.5179,-0.74742 -3.5922,2.94084 0.7651,3.04843 1.70906,3.22372 3.96084,0.73553 z m -10.53667,-6.95305 c -1.14749,-2.70417 -1.53655,-2.93789 -3.03148,-1.82111 -1.45118,1.08409 -1.5535,1.86625 -0.66508,5.08384 1.04669,3.7908 1.05611,3.79646 3.03147,1.8211 1.77468,-1.77467 1.8441,-2.30536 0.66509,-5.08383 z m 30.22439,-2.67483 c 3.04746,-2.76893 11.37246,-9.62685 18.5,-15.23981 7.12754,-5.61296 15.87977,-12.8616 19.44939,-16.10809 5.72149,-5.20357 6.32882,-6.09719 5.12755,-7.54462 -0.74946,-0.90305 -1.8519,-1.64191 -2.44986,-1.64191 -0.59796,0 -7.85536,6.63847 -16.12756,14.75215 -8.27219,8.11368 -19.20285,18.49606 -24.29035,23.07195 -5.0875,4.5759 -9.25,8.79253 -9.25,9.3703 0,1.27043 1.65258,0.0531 9.04083,-6.65997 z m -44.39528,5.00129 c 1.95481,-1.36921 2.01651,-1.83393 0.95018,-7.15706 -0.81841,-4.08549 -1.69875,-5.91091 -3.11806,-6.46543 -3.44427,-1.34565 -5.47767,-1.01431 -5.47767,0.8926 0,2.47493 4.02028,14.19417 4.8693,14.19417 0.37713,0 1.62644,-0.65893 2.77625,-1.46428 z m 19.35445,-3.53572 c 0,-0.55 -0.47656,-1 -1.05902,-1 -0.58246,0 -0.7809,0.45 -0.44098,1 0.33992,0.55 0.81648,1 1.05902,1 0.24254,0 0.44098,-0.45 0.44098,-1 z m 28.74588,-11.75 c 8.19264,-7.0125 19.56006,-17.12207 25.26093,-22.46571 10.22551,-9.58476 10.34041,-9.74314 8.52422,-11.75 -1.01255,-1.11886 -2.36094,-2.03429 -2.99642,-2.03429 -0.63548,0 -5.85323,4.85481 -11.59501,10.78847 -5.74178,5.93366 -15.8396,15.45595 -22.4396,21.16063 -17.65388,15.25907 -16.2897,13.74372 -13.95909,15.50596 1.0775,0.81474 2.03788,1.49564 2.13417,1.51314 0.0963,0.0175 6.87816,-5.7057 15.0708,-12.7182 z m -38.27689,6.80017 c 0.32287,-0.5224 -0.28141,-1.41459 -1.34283,-1.98265 -1.64998,-0.88304 -1.85466,-0.7453 -1.41137,0.94983 0.55422,2.11935 1.7951,2.58468 2.7542,1.03282 z m 29.82265,-9.76358 c 13.14535,-10.45891 38.59907,-34.72921 37.53674,-35.79154 -0.35634,-0.35634 -4.401,2.82079 -8.98813,7.0603 -4.58714,4.2395 -11.30454,10.01139 -14.92757,12.82642 -3.62303,2.81503 -10.0648,7.93056 -14.31504,11.36785 -11.40236,9.22141 -13.06743,9.47995 -4.59764,0.71387 l 7.5,-7.76236 -10.25,8.19858 c -5.6375,4.50922 -10.25,8.60095 -10.25,9.09273 0,0.98718 3.96743,4.00756 5.26414,4.00756 0.45053,0 6.3129,-4.37103 13.0275,-9.71341 z m 22.97535,-26.55372 c 2.07184,-1.61031 4.27654,-3.87994 4.89932,-5.04363 0.96215,-1.79779 -12.64875,8.5865 -17.16631,13.09686 -1.83493,1.832 7.07092,-4.01465 12.26699,-8.05323 z m 57.02915,-8.17866 c 2.46015,-1.85474 3.45375,-3.20433 2.82327,-3.83481 -0.63048,-0.63048 -3.99007,2.07164 -9.54614,7.67797 -9.68903,9.77669 -11.56106,12.73593 -2.82327,4.46294 3.1625,-2.99428 7.45826,-6.73202 9.54614,-8.3061 z m -15.70544,7.70315 c -0.6935,-0.69349 -2.5907,0.71555 -2.5907,1.9241 0,0.6631 0.57378,0.58723 1.52417,-0.20152 0.83829,-0.69572 1.31823,-1.47088 1.06653,-1.72258 z m -2.14957,-1.78916 c 1.06762,-0.80751 2.94413,-1.4682 4.17001,-1.4682 2.41337,0 12.68564,-10.60858 12.06822,-12.46333 -0.89127,-2.67743 -3.83658,-0.92419 -11.65728,6.93917 -7.63316,7.67479 -9.74493,10.89819 -4.58095,6.99236 z m 10.42977,-19.2182 c 0.24046,-2.32822 -2.14584,-1.26634 -6.7672,3.01134 -2.53203,2.34373 -6.36557,5.69552 -8.51896,7.44841 -3.3726,2.74535 -3.73265,3.4071 -2.59776,4.77456 1.16364,1.4021 2.27722,0.67829 9.53616,-6.19841 4.52026,-4.28225 8.27675,-8.3484 8.34776,-9.0359 z m -38.25032,10.12942 c 0.17782,-1.21158 -0.0523,-1.34768 -0.87976,-0.52024 -0.61632,0.61632 -1.22894,1.85894 -1.3614,2.7614 -0.17782,1.21158 0.0523,1.34768 0.87976,0.52024 0.61632,-0.61632 1.22894,-1.85894 1.3614,-2.7614 z m 32.75419,-13.6019 c 0.78373,-1.24964 0.76289,-2.03986 -0.0759,-2.87868 -1.33565,-1.33565 -2.90906,-0.2526 -12.40458,8.53857 -5.02107,4.64863 -5.87086,5.88586 -4.87055,7.09115 1.02693,1.23738 2.36,0.50776 8.74125,-4.78426 4.14124,-3.43437 8.01565,-7.01941 8.60981,-7.96678 z m 31.05772,1.33311 c 4.85959,-4.97523 4.90505,-5.08018 3.0763,-7.10092 l -1.85618,-2.05106 -2.95049,2.77067 c -1.62277,1.52388 -5.16248,5.40303 -7.86603,8.62034 -3.90409,4.646 -4.67774,6.1362 -3.75985,7.24219 0.96401,1.16156 1.75843,0.90955 4.78973,-1.51941 1.99872,-1.60157 5.85366,-5.18438 8.56652,-7.96181 z m -42.97621,-0.91858 c 4.21946,-4.01937 7.51938,-7.76506 7.33315,-8.32375 -0.39032,-1.17098 -17.78943,13.77396 -17.78943,15.28021 0,2.12058 3.07492,0.0749 10.45628,-6.95646 z m 27.54373,4.90926 c 0,-0.49429 3.2092,-4.33508 7.13156,-8.53511 3.92236,-4.20002 6.86886,-7.89911 6.54778,-8.22019 -0.61423,-0.61424 -17.67934,14.49161 -17.67934,15.64955 0,1.08056 1.22911,2.00444 2.66667,2.00444 0.73333,0 1.33333,-0.40441 1.33333,-0.89869 z m -32.00001,-9.02015 c 7.88158,-7.32929 8.38216,-8.02604 6.88035,-9.57671 -1.76327,-1.82062 -1.74533,-1.83474 -13.72503,10.79847 -3.75442,3.95923 -4.72084,6.71471 -2.3463,6.68984 0.38004,-0.004 4.51598,-3.5642 9.19098,-7.9116 z m 33.87748,-3.16994 c 5.9665,-5.73775 8.06857,-8.36518 7.30415,-9.1296 -1.75896,-1.75896 -19.0608,13.98683 -17.73185,16.13712 0.36754,0.59469 0.9792,1.07395 1.35924,1.06501 0.38004,-0.009 4.46085,-3.64158 9.06846,-8.07253 z m -4.9049,-5.17782 c 5.39275,-5.08992 8.03249,-8.27783 7.65943,-9.25 -0.31307,-0.81587 -0.92085,-1.46383 -1.35062,-1.4399 -0.42976,0.0239 -4.52114,3.51608 -9.09197,7.76036 -6.35681,5.90267 -8.14982,8.13577 -7.62679,9.49876 0.37608,0.98005 1.02072,1.65039 1.43253,1.48964 0.41181,-0.16074 4.45165,-3.78723 8.97742,-8.05886 z m 35.02063,-2.22656 c 7.81289,-7.85369 8.3262,-8.61601 6.81756,-10.12465 -1.50864,-1.50864 -2.27382,-1.09497 -10.16272,5.49416 -4.69218,3.9191 -8.76375,7.50186 -9.04794,7.96168 -0.56831,0.91955 2.08521,5.16197 3.22868,5.16197 0.39346,0 4.51745,-3.82192 9.16442,-8.49316 z m -40.35784,-3.10083 c 7.4845,-6.79494 10.07514,-10.40601 7.46545,-10.40601 -1.00451,0 -16.41093,15.48605 -16.93415,17.02169 -0.7449,2.18622 1.50538,0.61397 9.4687,-6.61568 z m 33.15664,-3.04769 c 4.2394,-3.65292 8.128,-7.02042 8.64133,-7.48333 0.51334,-0.46291 0.64387,-1.13113 0.29007,-1.48492 -0.6191,-0.61911 -16.87558,13.05851 -17.55673,14.7716 -0.75081,1.88828 1.30088,0.50784 8.62533,-5.80335 z m -36.78055,-2.4906 c 7.00206,-6.96453 8.04371,-8.42905 7.25396,-10.19892 -0.84697,-1.89813 -1.67011,-1.34559 -10.09608,6.77707 -7.245,6.98419 -8.93743,9.12863 -8.04919,10.19891 0.61861,0.74537 1.48259,1.35522 1.91997,1.35522 0.43737,0 4.47447,-3.65953 8.97134,-8.13228 z m 33.50169,-1.87925 c 7.88421,-6.92142 9.41977,-9.22061 6.48686,-9.71281 -1.96698,-0.33009 -17.39472,14.27665 -16.53992,15.65974 1.07938,1.74649 1.72346,1.36548 10.05306,-5.94693 z m 1.83482,-11.81289 c 1.93713,-2.14844 1.4191,-4.50341 -0.8757,-3.98095 -0.73769,0.16795 -4.75488,3.62324 -8.92708,7.67842 -6.03349,5.86426 -7.35252,7.65417 -6.44572,8.74679 0.92999,1.12057 2.362,0.28932 7.77032,-4.51049 3.64662,-3.23632 7.4618,-6.80652 8.47818,-7.93377 z m 43.15204,-12.86347 c 13.75,-13.57516 23.82153,-23.81137 22.38118,-22.74711 -6.21169,4.5897 -15.4071,12.83406 -15.7045,14.08023 -0.17783,0.74512 -0.88099,1.35477 -1.56258,1.35477 -2.11018,0 -16.77112,14.14843 -16.20086,15.63451 0.3457,0.90087 -0.23091,1.3661 -1.69462,1.3673 -1.27528,0.001 -4.67098,2.23329 -7.98626,5.25 -4.71154,4.28721 -5.6515,5.66018 -5.13337,7.49819 0.34885,1.2375 0.69429,2.2487 0.76764,2.24712 0.0734,-0.002 11.38337,-11.10984 25.13337,-24.68501 z m -54.48403,12.80717 c 5.82814,-5.29585 7.81678,-7.68653 7.04,-8.46331 -0.77678,-0.77678 -3.33864,1.16023 -9.06928,6.85726 -7.30707,7.26421 -9.51944,10.19312 -7.04,9.3201 0.52068,-0.18333 4.60186,-3.65466 9.06928,-7.71405 z m 31.55078,-0.81001 c 5.4252,-4.68377 6.51181,-6.30927 4.2176,-6.30927 -1.33555,0 -10.78435,8.94769 -10.78435,10.21241 0,1.46522 1.11899,0.80012 6.56675,-3.90314 z m -35.0058,-3.77273 c 6.23758,-5.88387 7.65323,-7.72236 6.68883,-8.68676 -1.31274,-1.31274 -0.89986,-1.58443 -10.3057,6.78143 -2.50575,2.2287 -5.40949,4.52987 -6.45276,5.11371 -1.60828,0.90004 -1.69525,1.30444 -0.57164,2.6583 0.72887,0.87823 1.64109,1.59678 2.02717,1.59678 0.38608,0 4.26243,-3.35856 8.6141,-7.46346 z m 31.0058,-0.22727 c 5.08939,-4.39385 6.82936,-7.30927 4.3623,-7.30927 -1.59263,0 -11.90179,9.30006 -11.91643,10.75 -0.0228,2.25853 2.04211,1.31801 7.55413,-3.44073 z m -4.6749,-4.90194 c 5.30347,-4.76828 6.04017,-6.38894 3.76319,-8.27866 -1.04652,-0.86853 -2.65251,0.072 -7.23756,4.23885 -5.1837,4.71083 -5.72899,5.55221 -4.5326,6.99377 0.74801,0.90129 1.70624,1.63871 2.12941,1.63871 0.42317,0 3.06807,-2.0667 5.87756,-4.59267 z m 26.35815,-7.31726 c 5.61806,-5.40063 6.75437,-7.09007 4.76874,-7.09007 -1.64229,0 -15.03998,13.15661 -14.4197,14.16024 0.71825,1.16216 2.26892,0.0262 9.65096,-7.07017 z m -31.62686,0.58913 c 5.35862,-4.98779 6.39878,-7.6792 2.96781,-7.6792 -1.1999,0 -11.59095,11.13522 -11.59095,12.42104 0,1.89289 3.65361,-0.11622 8.62314,-4.74184 z m 27.83445,-4.46436 c 3.63348,-3.35173 5.52377,-5.82102 5.16729,-6.75 -0.30916,-0.80566 -0.91373,-1.44401 -1.3435,-1.41856 -0.42976,0.0255 -3.88679,2.89894 -7.6823,6.38552 -5.00467,4.59733 -6.72414,6.79991 -6.25758,8.01574 0.78836,2.05444 1.82427,1.4162 10.11609,-6.2327 z m -27.45759,-7.35138 c 0,-1.85266 -1.78755,-0.63615 -7.40171,5.03721 -3.90111,3.94224 -5.57399,6.32963 -5.04034,7.1931 0.57155,0.92478 2.45478,-0.5081 6.62041,-5.03722 3.2019,-3.4813 5.82164,-6.71819 5.82164,-7.19309 z m 21.53676,2.85244 c 6.19046,-5.75065 6.66403,-6.47219 5.57879,-8.5 -0.65226,-1.21874 -1.77376,-2.2159 -2.49223,-2.2159 -1.42732,0 -13.62332,12.27668 -13.62332,13.71345 0,1.04733 2.10259,3.28655 3.08602,3.28655 0.37732,0 3.73015,-2.82784 7.45074,-6.2841 z m -5.98661,-6.45769 c 3.54742,-3.70799 6.44985,-7.30799 6.44985,-8 0,-2.65101 -3.01324,-1.02054 -9.90356,5.35885 -5.71316,5.2895 -6.91677,6.8945 -5.99929,8 0.63126,0.76061 1.5652,1.38294 2.07544,1.38294 0.51024,0 3.83014,-3.03381 7.37756,-6.74179 z m 33.63323,-0.29425 c 8.17483,-6.91609 9.79077,-9.20819 6.81662,-9.66895 -2.07574,-0.32159 -17.47226,14.13185 -16.58435,15.56851 0.38631,0.62506 0.87085,1.13648 1.07674,1.13648 0.2059,0 4.11684,-3.16622 8.69099,-7.03604 z m -4.03107,-4.591 c 7.744,-6.45906 9.42359,-9.44579 5.71362,-10.16026 -2.1808,-0.41999 -17.45081,14.03193 -16.48221,15.59916 1.26541,2.04747 2.60271,1.37204 10.76859,-5.4389 z m -36.74893,0.83596 c 2.80314,-2.63509 6.16828,-5.5314 7.47808,-6.43623 1.57854,-1.09048 2.16563,-2.20758 1.74132,-3.31333 -0.51799,-1.34985 -1.54494,-0.70556 -5.38146,3.37619 -2.60773,2.77441 -6.06301,6.4214 -7.67841,8.10442 -4.65382,4.84862 -1.78165,3.55402 3.84047,-1.73105 z m 39.50392,-14.26779 c 0.051,-0.30738 -0.52774,-1.40738 -1.28607,-2.44445 -1.30018,-1.77811 -1.5139,-1.79041 -3.75,-0.21575 -1.30417,0.9184 -5.283,4.34827 -8.84184,7.62194 -6.35768,5.84824 -6.43867,5.9874 -4.64078,7.97405 1.81641,2.0071 1.89068,1.96913 10.12791,-5.1775 4.56395,-3.95968 8.3398,-7.45091 8.39078,-7.75829 z m -19.07013,5.97231 c 4.66445,-3.66905 13.29139,-12.11822 12.83707,-12.57253 -0.24139,-0.24139 -3.30434,1.72939 -6.80656,4.37951 -3.50222,2.65012 -7.42896,5.5612 -8.72609,6.46907 -1.29712,0.90787 -2.05807,2.13664 -1.69098,2.73059 0.91713,1.48395 1.34516,1.38573 4.38656,-1.00664 z m 44.60624,-9.82652 c 1.98962,-2.09554 2.61478,-3.42873 1.92927,-4.11424 -0.68551,-0.68551 -2.93547,0.64711 -6.94341,4.11248 -8.65383,7.48235 -8.76108,7.60776 -8.06272,9.42766 0.53909,1.40486 1.38865,1.03755 5.38674,-2.32894 2.61069,-2.19826 6.07124,-5.39189 7.69012,-7.09696 z m -42.94341,0.91587 c 5.70335,-4.27297 8,-6.61695 8,-8.16488 0,-1.19418 -0.55445,-2.35606 -1.2321,-2.58194 -1.5653,-0.52177 -16.98736,14.08566 -16.47956,15.60906 0.6004,1.8012 1.25523,1.47335 9.71166,-4.86224 z m 34.24311,-1.54157 c 4.61794,-4.21471 6.96506,-7.05814 6.60364,-8 -0.94627,-2.46594 -2.58279,-1.64743 -9.77209,4.88751 -5.03538,4.57706 -6.74961,6.75298 -6.28139,7.97314 0.35418,0.92297 1.0133,1.67813 1.46472,1.67813 0.45141,0 4.04472,-2.94245 7.98512,-6.53878 z m -4.37863,-6.09429 c 6.16529,-5.89771 6.70844,-6.72258 5.33257,-8.09845 -1.37587,-1.37587 -2.30423,-0.90081 -9.11447,4.66405 -7.09363,5.79641 -8.54604,7.77067 -6.91591,9.4008 1.63782,1.63782 4.30169,0.15212 10.69781,-5.9664 z m -5.78587,-5.43117 c 6.61461,-5.40499 8.76965,-7.93576 6.75757,-7.93576 -0.3651,0 -3.8526,2.78135 -7.75,6.18078 -3.8974,3.39943 -7.51368,6.54943 -8.03618,7 -0.57265,0.49382 -0.44212,0.81922 0.32861,0.81922 0.70324,0 4.61824,-2.72891 8.7,-6.06424 z m 31.32176,0.77417 c 5.07584,-4.76773 6.20006,-6.70993 3.88398,-6.70993 -1.68271,0 -10.78435,9.11126 -10.78435,10.79574 0,1.98431 1.18493,1.2827 6.90037,-4.08581 z m -34.4295,-4.54802 c 4.14102,-3.48594 7.52913,-6.66243 7.52913,-7.05887 0,-0.39643 -0.5699,-1.50016 -1.26644,-2.45274 -1.15376,-1.57786 -1.95453,-1.18456 -9,4.4204 -5.47818,4.35812 -7.73356,6.80032 -7.73356,8.37417 0,2.38612 0.89366,3.76321 2.15837,3.32596 0.43085,-0.14896 4.17148,-3.12297 8.3125,-6.60892 z m 30.41113,-0.54243 c 6.82942,-6.91532 5.06457,-8.43714 -2.39443,-2.06471 -5.47878,4.68067 -6.07727,5.5222 -4.8209,6.77856 1.17565,1.17566 1.8051,0.76444 7.21533,-4.71385 z m -4.5359,-4.74022 c 5.45505,-4.862 5.66086,-5.21408 4.07336,-6.96826 -1.90972,-2.11021 -2.41112,-1.87527 -9.3019,4.35867 -3.54684,3.20875 -4.00917,4.06435 -3.10703,5.75 0.58291,1.08918 1.40418,1.98033 1.82504,1.98033 0.42086,0 3.3506,-2.30433 6.51053,-5.12074 z m 30.14256,-4.72394 c -0.30805,-0.30804 -2.90652,1.85367 -5.77437,4.80381 l -5.21429,5.36389 5.77437,-4.80381 c 3.17591,-2.64209 5.52233,-5.05584 5.21429,-5.36389 z m -7.99482,1.85093 c 3.68229,-3.7385 4.63206,-5.28035 3.77847,-6.13394 -0.85359,-0.85359 -2.45239,0.11156 -6.36051,3.83965 -3.09348,2.95097 -4.92972,5.45003 -4.50704,6.13394 1.14046,1.84531 1.88887,1.43995 7.08908,-3.83965 z m -27.92709,-2.69698 c 5.19633,-4.48618 6.82531,-7.30927 4.2176,-7.30927 -1.63507,0 -10.78435,9.08824 -10.78435,10.71241 0,2.00678 0.75168,1.61723 6.56675,-3.40314 z m 23.41267,-2.7883 c 2.41772,-2.46347 4.11506,-4.75982 3.77188,-5.103 -0.86103,-0.86103 -9.7513,6.70042 -9.7513,8.29379 0,2.2079 1.42984,1.44489 5.97942,-3.19079 z m -27.05781,-1.94159 c 3.56669,-3.61156 5.15102,-5.94772 4.74722,-7 -0.91345,-2.38044 -1.8162,-2.0019 -7.61763,3.19422 -4.39625,3.93756 -5.20593,5.16353 -4.62306,7 0.38865,1.22452 1.02918,2.2264 1.42341,2.2264 0.39422,0 3.12575,-2.43928 6.07006,-5.42062 z m 47.39029,-1.38841 c 2.60519,-2.64496 4.41484,-5.1309 4.02143,-5.5243 -0.735,-0.73501 -10.33333,8.13176 -10.33333,9.54574 0,1.71317 1.78145,0.57817 6.3119,-4.02144 z m -24.59975,-0.39918 c 4.51423,-4.43038 5.27775,-6.4747 2.77665,-7.43446 -1.70618,-0.65473 -10.4888,6.05199 -10.4888,8.00962 0,1.22427 1.93081,3.63305 2.91215,3.63305 0.28168,0 2.44168,-1.89369 4.8,-4.20821 z m 24.81663,-8.59635 c -0.76442,-0.76442 -9.46232,7.26573 -9.49599,8.76697 -0.018,0.80432 2.20684,-0.74355 4.94417,-3.43971 2.73732,-2.69617 4.78564,-5.09343 4.55182,-5.32726 z m -30.00644,2.6772 c 4.41295,-4.06771 5.7132,-6.87264 3.18587,-6.87264 -1.94914,0 -10.04137,8.65192 -9.26586,9.90672 0.98093,1.58718 1.16754,1.49406 6.07999,-3.03408 z m 22.7229,-2.07797 c 2.76254,-2.31293 4.51889,-4.37329 3.90299,-4.57859 -1.24611,-0.41537 -10.14823,6.51842 -10.14823,7.90438 0,1.55995 1.12588,0.96038 6.24524,-3.32579 z m -26.53309,-3.00288 c 3.99701,-3.92277 5.44275,-6.79179 3.42247,-6.79179 -0.47596,0 -3.16943,1.87426 -5.98549,4.16502 -3.99105,3.24657 -4.87579,4.45941 -4.01217,5.5 1.5778,1.90114 1.81694,1.79664 6.57519,-2.87323 z m 47.70531,-1.79179 c 3.23705,-3.3 5.25487,-5.99504 4.48404,-5.98897 -2.27706,0.0179 -12.34554,9.46148 -11.51696,10.80215 0.40342,0.65275 0.82662,1.18682 0.94044,1.18682 0.11381,0 2.85543,-2.7 6.09248,-6 z m -24.76421,0.60882 c 4.78761,-4.3376 4.82398,-4.41639 2.98046,-6.45724 l -1.86628,-2.06605 -5.31184,4.5859 c -4.62889,3.9963 -5.16157,4.8265 -4.14316,6.45724 1.7085,2.73574 2.95596,2.35887 8.34082,-2.51985 z m 23.84675,-7.64416 c 2,-2.25568 2,-2.25568 0,-1.18933 -1.1,0.58649 -3.8,2.9823 -6,5.32402 l -4,4.25768 4,-3.06834 c 2.2,-1.68759 4.9,-4.0834 6,-5.32403 z m -29.31975,1.11575 c 4.10286,-3.79423 5.05125,-5.19504 4.14596,-6.12379 -0.90976,-0.93333 -2.3156,-0.2414 -6.25,3.07613 -2.79191,2.35418 -5.07621,5.10988 -5.07621,6.12379 0,2.85622 1.42594,2.24533 7.18025,-3.07613 z m 22.93097,-1.17353 c 4.86114,-4.06998 6.614,-6.90056 3.11291,-5.02683 -3.20496,1.71524 -10.7557,9.03697 -9.36291,9.07894 0.74867,0.0225 3.56117,-1.80089 6.25,-4.05211 z m -27.13565,-4.38214 c 2.97398,-3.01139 5.08498,-5.79753 4.6911,-6.19141 -0.73324,-0.73324 -11.66667,9.46531 -11.66667,10.88251 0,1.74916 1.83209,0.51707 6.97557,-4.6911 z m 23.07445,0.72526 c 5.4536,-4.20388 5.859,-5.20121 2.87242,-7.06636 -1.8486,-1.15447 -2.56492,-0.8981 -6.5,2.3264 -4.59352,3.76404 -5.25406,5.25834 -3.22244,7.28996 1.60401,1.60401 1.32764,1.7069 6.85002,-2.55 z m 21.5167,1.13131 c 3.0618,-2.33535 4.60756,-5.38131 2.73089,-5.38131 -0.98852,0 -7.29761,6.22139 -7.29761,7.19617 0,1.3202 0.95299,0.94147 4.56672,-1.81486 z m -4.06672,-4.38131 c 0.99549,-1.1 1.58498,-2 1.30998,-2 -0.275,0 -1.31449,0.9 -2.30998,2 -0.99549,1.1 -1.58498,2 -1.30998,2 0.275,0 1.31449,-0.9 2.30998,-2 z m -22.9183,-3.62046 c 4.74759,-3.8903 5.31567,-5.09796 2.84416,-6.04637 -1.74334,-0.66898 -10.71196,7.39489 -9.82348,8.83248 0.93256,1.50891 2.50276,0.8821 6.97932,-2.78611 z M 621.2475,127.686 c 1.04465,-1.15431 1.59742,-2.40069 1.22838,-2.76972 -0.73101,-0.73101 -6.6501,4.52533 -6.6501,5.9055 0,1.19201 3.1582,-0.63461 5.42172,-3.13578 z m 15.49452,-1.61144 c 5.81087,-6.30406 4.08215,-7.88325 -2.03453,-1.85854 -2.68494,2.64457 -4.88171,5.16272 -4.88171,5.5959 0,2.05494 3.14222,0.35696 6.91624,-3.73736 z m -20.26063,-1.02594 c 3.92915,-2.99691 4.0949,-4.02132 1.15669,-7.1489 l -2.18769,-2.3287 -3.31231,3.21041 c -3.77445,3.65834 -3.96076,4.44406 -1.65731,6.98934 2.09142,2.31099 2.01133,2.32063 6.00062,-0.72215 z m -22.36689,-3.38786 c 3.19612,-2.98929 3.93251,-4.22024 3.05484,-5.10644 -0.87925,-0.88781 -2.07771,-0.15441 -5,3.05975 -2.11396,2.32509 -3.99356,4.62299 -4.17689,5.10644 -0.7927,2.09035 2.23184,0.57871 6.12205,-3.05975 z m 42.6148,-4.51274 c -0.56204,-0.58993 -2.42592,0.53218 -4.90501,2.95295 -5.52813,5.39807 -5.01223,6.43477 0.9065,1.8216 3.01251,-2.34801 4.55525,-4.19017 3.99851,-4.77455 z m -6.42144,1.46985 c 2.13838,-2.18991 3.57501,-4.2946 3.19251,-4.6771 -0.76496,-0.76496 -6.28906,4.13055 -7.79583,6.90874 -1.61547,2.97859 0.53244,1.93731 4.60332,-2.23164 z m -20.27424,-1.72131 c 4.0928,-3.99651 4.65197,-5.29705 2.27747,-5.29705 -2.25605,0 -8.93006,6.47136 -8.08468,7.83921 1.08035,1.74806 1.68445,1.48361 5.80721,-2.54216 z m 17.15373,-1.93981 3.86157,-3.58865 -2.6146,-2.6146 -2.6146,-2.6146 -3.62391,3.62391 -3.62391,3.62391 1.87694,2.57497 c 1.03232,1.41623 2.10194,2.57694 2.37694,2.57934 0.275,0.002 2.23771,-1.61053 4.36157,-3.58428 z m 37.82979,0.80897 5.69136,-0.16621 3.21463,-6.03126 c 4.82778,-9.05784 13.78785,-16.863275 44.74083,-38.975285 2.38599,-1.7045 7.22321,-4.52176 10.74936,-6.26059 4.50622,-2.22212 6.27733,-3.6178 5.96068,-4.69718 -1.55068,-5.28593 -2.49693,-22.155628 -1.62441,-28.959905 0.5343,-4.166678 1.10752,-10.275778 1.27382,-13.575778 l 0.30237,-6 -14.5,-0.683738 c -7.975,-0.376056 -19.675,-1.1605202 -26,-1.7432532 -6.325,-0.582733 -12.78698,-1.175051 -14.35995,-1.316262 -2.68785,-0.241296 -2.99257,0.134412 -5.0636,6.2432532 -4.38738,12.94127 -9.27052,20.55745 -20.00879,31.207464 -10.95703,10.866979 -22.95104,20.412579 -29.3993,23.397839 -2.66504,1.2338 -3.94946,2.41792 -3.68226,3.3947 0.22569,0.825 0.49853,5.55 0.60631,10.5 0.30204,13.87064 0.11774,13.71622 7.59923,6.36739 7.86755,-7.72803 8.73897,-9.59256 6.73019,-14.40024 -1.40578,-3.3645 -1.36544,-3.82233 0.61986,-7.03461 2.24623,-3.63448 5.43915,-5.03064 9.29277,-4.06345 1.72968,0.43413 2.9732,-0.12069 4.80001,-2.14159 4.70554,-5.20548 4.97581,-5.80724 3.89041,-8.66207 -2.22422,-5.850142 4.19874,-12.138476 11.55181,-11.309678 3.77091,0.425035 4.64296,0.124421 7.1105,-2.451144 2.55153,-2.663223 2.78059,-3.489203 2.46878,-8.902367 -0.42025,-7.295603 1.45451,-10.902244 5.66708,-10.902244 1.52732,0 3.23286,0.455906 3.79008,1.013125 0.68416,0.684167 2.05915,0.648476 4.2347,-0.109922 2.85998,-0.996996 3.68006,-0.819636 7.30641,1.580169 3.9661,2.624643 4.07,2.834854 3.57437,7.23202 -0.47631,4.22584 -1.17,5.138501 -10.36953,13.642772 -11.36726,10.508159 -26.53498,26.132119 -34.85839,35.906899 -3.16832,3.72078 -9.68698,9.8962 -14.48592,13.72316 -11.4669,9.144385 -11.5541,9.259025 -9.46666,12.444855 0.92505,1.4118 2.17063,2.56692 2.76796,2.56692 0.59732,0 6.54819,-5.4 13.22416,-11.999995 6.67597,-6.6 12.8883,-12 13.8052,-12 0.91689,0 6.72676,-4.86996 12.91082,-10.82213 6.18406,-5.95217 12.19576,-11.46467 13.35933,-12.25 1.16357,-0.78533 6.97505,-6.04037 12.9144,-11.677873 7.36626,-6.991888 11.54122,-10.25 13.13442,-10.25 1.28458,0 2.3356,0.45 2.3356,1 0,0.55 0.64468,1 1.43261,1 2.09391,0 2.55794,2.458282 2.33074,12.347363 -0.23352,10.1644 -1.27624,11.64163 -8.23586,11.66776 -3.43806,0.0129 -5.08016,0.88755 -11.22019,5.97627 -4.9527,4.10467 -7.80412,7.34332 -9.15594,10.39935 -1.99692,4.51437 -5.23989,7.173 -7.63054,6.25562 -0.72759,-0.2792 -3.13759,1.04568 -5.35555,2.94417 -3.54886,3.03769 -3.9689,3.84473 -3.50116,6.72703 0.61914,3.81533 -0.14329,4.590965 -7.00701,7.128425 -3.84821,1.42266 -5.35022,1.55923 -7.31292,0.66497 -2.27157,-1.035 -3.06756,-0.58424 -9.9071,5.61031 -4.0904,3.70466 -7.43708,6.81378 -7.43708,6.90916 0,0.0954 3.4875,0.0674 7.75,-0.0623 4.2625,-0.12964 10.31111,-0.31051 13.44136,-0.40193 z m -59.42667,-4.60223 c 2.86462,-2.63509 3.46213,-3.71246 2.56334,-4.62197 -0.90153,-0.91228 -2.08734,-0.41746 -5.13869,2.1443 -2.18169,1.83165 -3.74366,3.91153 -3.47104,4.62198 0.77052,2.00794 2.01052,1.56818 6.04639,-2.14431 z m 45.22265,-4.31398 c 5.39904,-5.07927 7.00463,-7.183145 6.48682,-8.499995 -0.37848,-0.9625 -1.02587,-1.75 -1.43866,-1.75 -0.84311,0 -15.0355,15.489985 -15.0355,16.410175 0,2.01971 3.75316,-0.29523 9.98734,-6.16018 z m -29.98545,0.24805 c 2.6628,-2.74731 3.13246,-3.7637 2.1795,-4.71666 -0.95296,-0.95296 -1.99241,-0.43703 -4.82366,2.39421 -1.98491,1.98491 -3.30085,4.10741 -2.92431,4.71667 1.06994,1.7312 1.9272,1.36261 5.56847,-2.39422 z m 25.72459,-3.72302 c 6.68407,-6.639455 8.71905,-9.775025 6.34397,-9.775025 -0.95062,0 -14.30054,14.398095 -14.90378,16.073965 -0.84445,2.34596 1.8613,0.35487 8.55981,-6.29894 z m -27.72651,-4.402585 c 2e-5,-0.62015 -0.68341,-1.69476 -1.51873,-2.38801 -1.24513,-1.03336 -1.89239,-0.92232 -3.59262,0.61637 -3.22097,2.914925 -4.20949,5.307635 -2.86306,6.929985 0.97732,1.17761 1.71125,0.96657 4.56936,-1.31392 1.87276,-1.49428 3.40503,-3.224265 3.40505,-3.844425 z m 18.33242,-6.24696 c 6.46044,-5.14229 6.67886,-5.45556 5.05492,-7.25 -0.93351,-1.03151 -2.26478,-1.87548 -2.95839,-1.87548 -1.51936,0 -12.42892,11.853 -12.42892,13.50375 0,1.73603 1.12803,2.53407 2.42882,1.71831 0.63325,-0.39713 4.18986,-3.14059 7.90357,-6.09658 z m 37.41761,-9.09947 c 3.69496,-3.44703 5.25,-5.65723 5.25,-7.46187 0,-1.41028 -0.23421,-2.56414 -0.52048,-2.56414 -0.28626,0 -3.77721,3.375 -7.75767,7.5 -6.47551,6.71065 -6.97327,7.49599 -4.72952,7.46188 1.58713,-0.0241 4.43489,-1.83603 7.75767,-4.93587 z m -8.19001,-24.52601 20.32846,-20.500003 -3.75713,0 c -4.31608,0 -8.42195,3.586245 -9.54295,8.335231 -0.83631,3.542925 -5.14335,7.625762 -8.82028,8.361152 -3.56589,0.71318 -12.25531,10.62518 -13.227,15.08801 -0.41504,1.90623 -1.93743,4.18809 -3.6281,5.43806 -2.68684,1.98646 -3.77604,3.77755 -2.29723,3.77755 0.33868,0 9.76358,-9.225 20.94423,-20.5 z m 31.45415,6.29189 c 3.71125,-3.1968 4.62765,-4.51859 3.81314,-5.5 -1.71783,-2.06987 -4.05439,-1.49302 -8.21656,2.02847 -3.47107,2.93677 -3.76299,3.52659 -2.71482,5.48513 0.64596,1.20698 1.41262,2.19451 1.70369,2.19451 0.29108,0 2.72762,-1.89365 5.41455,-4.20811 z m 16.98586,-17.291893 c 0,-2.940734 -0.71342,-3.089458 -3.94893,-0.823221 -2.27003,1.589993 -2.29448,1.71575 -0.4725,2.429715 3.38707,1.327264 4.42143,0.951437 4.42143,-1.606494 z M 693.29713,32.24412 c 2.25021,-1.645397 1.41305,-4.644608 -1.29645,-4.644608 -1.45432,0 -1.86341,0.688417 -1.78138,2.99772 0.1201,3.381273 0.45838,3.562277 3.07783,1.646888 z"
     id="path2987"
     inkscape:connector-curvature="0" />
</svg>
